

Days              : 0
Hours             : 0
Minutes           : 0
Seconds           : 0
Milliseconds      : 89
Ticks             : 894425
TotalDays         : 1.03521412037037E-06
TotalHours        : 2.48451388888889E-05
TotalMinutes      : 0.00149070833333333
TotalSeconds      : 0.0894425
TotalMilliseconds : 89.4425



