

Days              : 0
Hours             : 0
Minutes           : 0
Seconds           : 0
Milliseconds      : 24
Ticks             : 243639
TotalDays         : 2.81989583333333E-07
TotalHours        : 6.76775E-06
TotalMinutes      : 0.000406065
TotalSeconds      : 0.0243639
TotalMilliseconds : 24.3639



