

Days              : 0
Hours             : 0
Minutes           : 0
Seconds           : 0
Milliseconds      : 89
Ticks             : 894216
TotalDays         : 1.03497222222222E-06
TotalHours        : 2.48393333333333E-05
TotalMinutes      : 0.00149036
TotalSeconds      : 0.0894216
TotalMilliseconds : 89.4216



