

Days              : 0
Hours             : 0
Minutes           : 0
Seconds           : 0
Milliseconds      : 14
Ticks             : 141102
TotalDays         : 1.633125E-07
TotalHours        : 3.9195E-06
TotalMinutes      : 0.00023517
TotalSeconds      : 0.0141102
TotalMilliseconds : 14.1102



