

Days              : 0
Hours             : 0
Minutes           : 0
Seconds           : 0
Milliseconds      : 97
Ticks             : 979991
TotalDays         : 1.13424884259259E-06
TotalHours        : 2.72219722222222E-05
TotalMinutes      : 0.00163331833333333
TotalSeconds      : 0.0979991
TotalMilliseconds : 97.9991



