

Days              : 0
Hours             : 0
Minutes           : 0
Seconds           : 0
Milliseconds      : 75
Ticks             : 752600
TotalDays         : 8.71064814814815E-07
TotalHours        : 2.09055555555556E-05
TotalMinutes      : 0.00125433333333333
TotalSeconds      : 0.07526
TotalMilliseconds : 75.26



