

Days              : 0
Hours             : 0
Minutes           : 0
Seconds           : 0
Milliseconds      : 11
Ticks             : 119651
TotalDays         : 1.38484953703704E-07
TotalHours        : 3.32363888888889E-06
TotalMinutes      : 0.000199418333333333
TotalSeconds      : 0.0119651
TotalMilliseconds : 11.9651



