

Days              : 0
Hours             : 0
Minutes           : 0
Seconds           : 0
Milliseconds      : 224
Ticks             : 2240929
TotalDays         : 2.59366782407407E-06
TotalHours        : 6.22480277777778E-05
TotalMinutes      : 0.00373488166666667
TotalSeconds      : 0.2240929
TotalMilliseconds : 224.0929



