

Days              : 0
Hours             : 0
Minutes           : 0
Seconds           : 0
Milliseconds      : 8
Ticks             : 85692
TotalDays         : 9.91805555555555E-08
TotalHours        : 2.38033333333333E-06
TotalMinutes      : 0.00014282
TotalSeconds      : 0.0085692
TotalMilliseconds : 8.5692



