

Days              : 0
Hours             : 0
Minutes           : 4
Seconds           : 35
Milliseconds      : 527
Ticks             : 2755271563
TotalDays         : 0.00318897171643519
TotalHours        : 0.0765353211944444
TotalMinutes      : 4.59211927166667
TotalSeconds      : 275.5271563
TotalMilliseconds : 275527.1563



