

Days              : 0
Hours             : 0
Minutes           : 0
Seconds           : 0
Milliseconds      : 62
Ticks             : 627472
TotalDays         : 7.26240740740741E-07
TotalHours        : 1.74297777777778E-05
TotalMinutes      : 0.00104578666666667
TotalSeconds      : 0.0627472
TotalMilliseconds : 62.7472



