

Days              : 0
Hours             : 0
Minutes           : 0
Seconds           : 0
Milliseconds      : 27
Ticks             : 277446
TotalDays         : 3.21118055555556E-07
TotalHours        : 7.70683333333333E-06
TotalMinutes      : 0.00046241
TotalSeconds      : 0.0277446
TotalMilliseconds : 27.7446



