

Days              : 0
Hours             : 0
Minutes           : 0
Seconds           : 0
Milliseconds      : 831
Ticks             : 8317075
TotalDays         : 9.62624421296296E-06
TotalHours        : 0.000231029861111111
TotalMinutes      : 0.0138617916666667
TotalSeconds      : 0.8317075
TotalMilliseconds : 831.7075



