

Days              : 0
Hours             : 0
Minutes           : 0
Seconds           : 0
Milliseconds      : 949
Ticks             : 9498393
TotalDays         : 1.09935104166667E-05
TotalHours        : 0.00026384425
TotalMinutes      : 0.015830655
TotalSeconds      : 0.9498393
TotalMilliseconds : 949.8393



