

Days              : 0
Hours             : 0
Minutes           : 0
Seconds           : 22
Milliseconds      : 698
Ticks             : 226981250
TotalDays         : 0.000262709780092593
TotalHours        : 0.00630503472222222
TotalMinutes      : 0.378302083333333
TotalSeconds      : 22.698125
TotalMilliseconds : 22698.125



