

Days              : 0
Hours             : 0
Minutes           : 0
Seconds           : 0
Milliseconds      : 54
Ticks             : 542399
TotalDays         : 6.2777662037037E-07
TotalHours        : 1.50666388888889E-05
TotalMinutes      : 0.000903998333333333
TotalSeconds      : 0.0542399
TotalMilliseconds : 54.2399



