

Days              : 0
Hours             : 0
Minutes           : 0
Seconds           : 1
Milliseconds      : 216
Ticks             : 12162403
TotalDays         : 1.40768553240741E-05
TotalHours        : 0.000337844527777778
TotalMinutes      : 0.0202706716666667
TotalSeconds      : 1.2162403
TotalMilliseconds : 1216.2403



