

Days              : 0
Hours             : 0
Minutes           : 0
Seconds           : 0
Milliseconds      : 71
Ticks             : 716558
TotalDays         : 8.29349537037037E-07
TotalHours        : 1.99043888888889E-05
TotalMinutes      : 0.00119426333333333
TotalSeconds      : 0.0716558
TotalMilliseconds : 71.6558



