

Days              : 0
Hours             : 0
Minutes           : 0
Seconds           : 0
Milliseconds      : 408
Ticks             : 4086239
TotalDays         : 4.72944328703704E-06
TotalHours        : 0.000113506638888889
TotalMinutes      : 0.00681039833333333
TotalSeconds      : 0.4086239
TotalMilliseconds : 408.6239



