

Days              : 0
Hours             : 0
Minutes           : 0
Seconds           : 0
Milliseconds      : 336
Ticks             : 3366840
TotalDays         : 3.89680555555555E-06
TotalHours        : 9.35233333333333E-05
TotalMinutes      : 0.0056114
TotalSeconds      : 0.336684
TotalMilliseconds : 336.684



