

Days              : 0
Hours             : 0
Minutes           : 0
Seconds           : 0
Milliseconds      : 159
Ticks             : 1597573
TotalDays         : 1.84904282407407E-06
TotalHours        : 4.43770277777778E-05
TotalMinutes      : 0.00266262166666667
TotalSeconds      : 0.1597573
TotalMilliseconds : 159.7573



