

Days              : 0
Hours             : 0
Minutes           : 0
Seconds           : 0
Milliseconds      : 731
Ticks             : 7316012
TotalDays         : 8.46760648148148E-06
TotalHours        : 0.000203222555555556
TotalMinutes      : 0.0121933533333333
TotalSeconds      : 0.7316012
TotalMilliseconds : 731.6012



