

Days              : 0
Hours             : 0
Minutes           : 0
Seconds           : 0
Milliseconds      : 19
Ticks             : 193246
TotalDays         : 2.23664351851852E-07
TotalHours        : 5.36794444444444E-06
TotalMinutes      : 0.000322076666666667
TotalSeconds      : 0.0193246
TotalMilliseconds : 19.3246



