

Days              : 0
Hours             : 0
Minutes           : 0
Seconds           : 0
Milliseconds      : 14
Ticks             : 143411
TotalDays         : 1.65984953703704E-07
TotalHours        : 3.98363888888889E-06
TotalMinutes      : 0.000239018333333333
TotalSeconds      : 0.0143411
TotalMilliseconds : 14.3411



