

Days              : 0
Hours             : 0
Minutes           : 0
Seconds           : 0
Milliseconds      : 82
Ticks             : 823722
TotalDays         : 9.53381944444444E-07
TotalHours        : 2.28811666666667E-05
TotalMinutes      : 0.00137287
TotalSeconds      : 0.0823722
TotalMilliseconds : 82.3722



