

Days              : 0
Hours             : 0
Minutes           : 0
Seconds           : 0
Milliseconds      : 165
Ticks             : 1653342
TotalDays         : 1.91359027777778E-06
TotalHours        : 4.59261666666667E-05
TotalMinutes      : 0.00275557
TotalSeconds      : 0.1653342
TotalMilliseconds : 165.3342



