

Days              : 0
Hours             : 0
Minutes           : 0
Seconds           : 2
Milliseconds      : 431
Ticks             : 24315579
TotalDays         : 2.814303125E-05
TotalHours        : 0.00067543275
TotalMinutes      : 0.040525965
TotalSeconds      : 2.4315579
TotalMilliseconds : 2431.5579



