

Days              : 0
Hours             : 0
Minutes           : 0
Seconds           : 0
Milliseconds      : 99
Ticks             : 995229
TotalDays         : 1.15188541666667E-06
TotalHours        : 2.764525E-05
TotalMinutes      : 0.001658715
TotalSeconds      : 0.0995229
TotalMilliseconds : 99.5229



