

Days              : 0
Hours             : 0
Minutes           : 0
Seconds           : 0
Milliseconds      : 8
Ticks             : 82004
TotalDays         : 9.4912037037037E-08
TotalHours        : 2.27788888888889E-06
TotalMinutes      : 0.000136673333333333
TotalSeconds      : 0.0082004
TotalMilliseconds : 8.2004



