

Days              : 0
Hours             : 0
Minutes           : 0
Seconds           : 1
Milliseconds      : 347
Ticks             : 13479790
TotalDays         : 1.56016087962963E-05
TotalHours        : 0.000374438611111111
TotalMinutes      : 0.0224663166666667
TotalSeconds      : 1.347979
TotalMilliseconds : 1347.979



