

Days              : 0
Hours             : 0
Minutes           : 0
Seconds           : 0
Milliseconds      : 10
Ticks             : 102187
TotalDays         : 1.18271990740741E-07
TotalHours        : 2.83852777777778E-06
TotalMinutes      : 0.000170311666666667
TotalSeconds      : 0.0102187
TotalMilliseconds : 10.2187



