

Days              : 0
Hours             : 0
Minutes           : 0
Seconds           : 0
Milliseconds      : 177
Ticks             : 1770065
TotalDays         : 2.04868634259259E-06
TotalHours        : 4.91684722222222E-05
TotalMinutes      : 0.00295010833333333
TotalSeconds      : 0.1770065
TotalMilliseconds : 177.0065



