

Days              : 0
Hours             : 0
Minutes           : 4
Seconds           : 37
Milliseconds      : 620
Ticks             : 2776201440
TotalDays         : 0.00321319611111111
TotalHours        : 0.0771167066666667
TotalMinutes      : 4.6270024
TotalSeconds      : 277.620144
TotalMilliseconds : 277620.144



