

Days              : 0
Hours             : 0
Minutes           : 0
Seconds           : 0
Milliseconds      : 260
Ticks             : 2609803
TotalDays         : 3.02060532407407E-06
TotalHours        : 7.24945277777778E-05
TotalMinutes      : 0.00434967166666667
TotalSeconds      : 0.2609803
TotalMilliseconds : 260.9803



