

Days              : 0
Hours             : 0
Minutes           : 0
Seconds           : 1
Milliseconds      : 81
Ticks             : 10810518
TotalDays         : 1.25121736111111E-05
TotalHours        : 0.000300292166666667
TotalMinutes      : 0.01801753
TotalSeconds      : 1.0810518
TotalMilliseconds : 1081.0518



