

Days              : 0
Hours             : 0
Minutes           : 0
Seconds           : 1
Milliseconds      : 402
Ticks             : 14025160
TotalDays         : 1.62328240740741E-05
TotalHours        : 0.000389587777777778
TotalMinutes      : 0.0233752666666667
TotalSeconds      : 1.402516
TotalMilliseconds : 1402.516



