

Days              : 0
Hours             : 0
Minutes           : 0
Seconds           : 0
Milliseconds      : 77
Ticks             : 777871
TotalDays         : 9.00313657407407E-07
TotalHours        : 2.16075277777778E-05
TotalMinutes      : 0.00129645166666667
TotalSeconds      : 0.0777871
TotalMilliseconds : 77.7871



