

Days              : 0
Hours             : 0
Minutes           : 0
Seconds           : 1
Milliseconds      : 300
Ticks             : 13004444
TotalDays         : 1.50514398148148E-05
TotalHours        : 0.000361234555555556
TotalMinutes      : 0.0216740733333333
TotalSeconds      : 1.3004444
TotalMilliseconds : 1300.4444



