

Days              : 0
Hours             : 0
Minutes           : 0
Seconds           : 19
Milliseconds      : 4
Ticks             : 190048299
TotalDays         : 0.000219963309027778
TotalHours        : 0.00527911941666667
TotalMinutes      : 0.316747165
TotalSeconds      : 19.0048299
TotalMilliseconds : 19004.8299



