

Days              : 0
Hours             : 0
Minutes           : 0
Seconds           : 0
Milliseconds      : 6
Ticks             : 61453
TotalDays         : 7.11261574074074E-08
TotalHours        : 1.70702777777778E-06
TotalMinutes      : 0.000102421666666667
TotalSeconds      : 0.0061453
TotalMilliseconds : 6.1453



