

Days              : 0
Hours             : 0
Minutes           : 0
Seconds           : 0
Milliseconds      : 137
Ticks             : 1374752
TotalDays         : 1.59114814814815E-06
TotalHours        : 3.81875555555556E-05
TotalMinutes      : 0.00229125333333333
TotalSeconds      : 0.1374752
TotalMilliseconds : 137.4752



