

Days              : 0
Hours             : 0
Minutes           : 0
Seconds           : 0
Milliseconds      : 8
Ticks             : 89547
TotalDays         : 1.03642361111111E-07
TotalHours        : 2.48741666666667E-06
TotalMinutes      : 0.000149245
TotalSeconds      : 0.0089547
TotalMilliseconds : 8.9547



