

Days              : 0
Hours             : 0
Minutes           : 0
Seconds           : 0
Milliseconds      : 128
Ticks             : 1287163
TotalDays         : 1.48977199074074E-06
TotalHours        : 3.57545277777778E-05
TotalMinutes      : 0.00214527166666667
TotalSeconds      : 0.1287163
TotalMilliseconds : 128.7163



