

Days              : 0
Hours             : 0
Minutes           : 0
Seconds           : 43
Milliseconds      : 961
Ticks             : 439611191
TotalDays         : 0.000508809248842593
TotalHours        : 0.0122114219722222
TotalMinutes      : 0.732685318333333
TotalSeconds      : 43.9611191
TotalMilliseconds : 43961.1191



