

Days              : 0
Hours             : 0
Minutes           : 0
Seconds           : 0
Milliseconds      : 153
Ticks             : 1538306
TotalDays         : 1.78044675925926E-06
TotalHours        : 4.27307222222222E-05
TotalMinutes      : 0.00256384333333333
TotalSeconds      : 0.1538306
TotalMilliseconds : 153.8306



