

Days              : 0
Hours             : 0
Minutes           : 0
Seconds           : 0
Milliseconds      : 8
Ticks             : 81187
TotalDays         : 9.39664351851852E-08
TotalHours        : 2.25519444444444E-06
TotalMinutes      : 0.000135311666666667
TotalSeconds      : 0.0081187
TotalMilliseconds : 8.1187



