

Days              : 0
Hours             : 0
Minutes           : 0
Seconds           : 27
Milliseconds      : 831
Ticks             : 278313312
TotalDays         : 0.000322121888888889
TotalHours        : 0.00773092533333333
TotalMinutes      : 0.46385552
TotalSeconds      : 27.8313312
TotalMilliseconds : 27831.3312



