

Days              : 0
Hours             : 0
Minutes           : 0
Seconds           : 0
Milliseconds      : 9
Ticks             : 95856
TotalDays         : 1.10944444444444E-07
TotalHours        : 2.66266666666667E-06
TotalMinutes      : 0.00015976
TotalSeconds      : 0.0095856
TotalMilliseconds : 9.5856



