

Days              : 0
Hours             : 0
Minutes           : 1
Seconds           : 20
Milliseconds      : 327
Ticks             : 803274801
TotalDays         : 0.000929716204861111
TotalHours        : 0.0223131889166667
TotalMinutes      : 1.338791335
TotalSeconds      : 80.3274801
TotalMilliseconds : 80327.4801



