

Days              : 0
Hours             : 0
Minutes           : 2
Seconds           : 41
Milliseconds      : 184
Ticks             : 1611844405
TotalDays         : 0.00186556065393519
TotalHours        : 0.0447734556944444
TotalMinutes      : 2.68640734166667
TotalSeconds      : 161.1844405
TotalMilliseconds : 161184.4405



