

Days              : 0
Hours             : 0
Minutes           : 0
Seconds           : 0
Milliseconds      : 14
Ticks             : 141855
TotalDays         : 1.64184027777778E-07
TotalHours        : 3.94041666666667E-06
TotalMinutes      : 0.000236425
TotalSeconds      : 0.0141855
TotalMilliseconds : 14.1855



