

Days              : 0
Hours             : 0
Minutes           : 0
Seconds           : 0
Milliseconds      : 17
Ticks             : 179556
TotalDays         : 2.07819444444444E-07
TotalHours        : 4.98766666666667E-06
TotalMinutes      : 0.00029926
TotalSeconds      : 0.0179556
TotalMilliseconds : 17.9556



