

Days              : 0
Hours             : 0
Minutes           : 0
Seconds           : 0
Milliseconds      : 193
Ticks             : 1933633
TotalDays         : 2.23800115740741E-06
TotalHours        : 5.37120277777778E-05
TotalMinutes      : 0.00322272166666667
TotalSeconds      : 0.1933633
TotalMilliseconds : 193.3633



