

Days              : 0
Hours             : 0
Minutes           : 0
Seconds           : 0
Milliseconds      : 48
Ticks             : 489145
TotalDays         : 5.66140046296296E-07
TotalHours        : 1.35873611111111E-05
TotalMinutes      : 0.000815241666666667
TotalSeconds      : 0.0489145
TotalMilliseconds : 48.9145



