

Days              : 0
Hours             : 0
Minutes           : 0
Seconds           : 0
Milliseconds      : 29
Ticks             : 295268
TotalDays         : 3.4174537037037E-07
TotalHours        : 8.20188888888889E-06
TotalMinutes      : 0.000492113333333333
TotalSeconds      : 0.0295268
TotalMilliseconds : 29.5268



