

Days              : 0
Hours             : 0
Minutes           : 0
Seconds           : 0
Milliseconds      : 8
Ticks             : 87929
TotalDays         : 1.01769675925926E-07
TotalHours        : 2.44247222222222E-06
TotalMinutes      : 0.000146548333333333
TotalSeconds      : 0.0087929
TotalMilliseconds : 8.7929



