

Days              : 0
Hours             : 0
Minutes           : 0
Seconds           : 0
Milliseconds      : 11
Ticks             : 112400
TotalDays         : 1.30092592592593E-07
TotalHours        : 3.12222222222222E-06
TotalMinutes      : 0.000187333333333333
TotalSeconds      : 0.01124
TotalMilliseconds : 11.24



