

Days              : 0
Hours             : 0
Minutes           : 0
Seconds           : 0
Milliseconds      : 12
Ticks             : 127658
TotalDays         : 1.47752314814815E-07
TotalHours        : 3.54605555555556E-06
TotalMinutes      : 0.000212763333333333
TotalSeconds      : 0.0127658
TotalMilliseconds : 12.7658



