

Days              : 0
Hours             : 0
Minutes           : 0
Seconds           : 0
Milliseconds      : 9
Ticks             : 91344
TotalDays         : 1.05722222222222E-07
TotalHours        : 2.53733333333333E-06
TotalMinutes      : 0.00015224
TotalSeconds      : 0.0091344
TotalMilliseconds : 9.1344



