

Days              : 0
Hours             : 0
Minutes           : 0
Seconds           : 0
Milliseconds      : 9
Ticks             : 96402
TotalDays         : 1.11576388888889E-07
TotalHours        : 2.67783333333333E-06
TotalMinutes      : 0.00016067
TotalSeconds      : 0.0096402
TotalMilliseconds : 9.6402



