

Days              : 0
Hours             : 0
Minutes           : 0
Seconds           : 0
Milliseconds      : 8
Ticks             : 85690
TotalDays         : 9.91782407407407E-08
TotalHours        : 2.38027777777778E-06
TotalMinutes      : 0.000142816666666667
TotalSeconds      : 0.008569
TotalMilliseconds : 8.569



