

Days              : 0
Hours             : 0
Minutes           : 0
Seconds           : 0
Milliseconds      : 107
Ticks             : 1071184
TotalDays         : 1.2397962962963E-06
TotalHours        : 2.97551111111111E-05
TotalMinutes      : 0.00178530666666667
TotalSeconds      : 0.1071184
TotalMilliseconds : 107.1184



