

Days              : 0
Hours             : 0
Minutes           : 0
Seconds           : 0
Milliseconds      : 321
Ticks             : 3214730
TotalDays         : 3.72075231481481E-06
TotalHours        : 8.92980555555556E-05
TotalMinutes      : 0.00535788333333333
TotalSeconds      : 0.321473
TotalMilliseconds : 321.473



