

Days              : 0
Hours             : 0
Minutes           : 0
Seconds           : 0
Milliseconds      : 211
Ticks             : 2115877
TotalDays         : 2.44893171296296E-06
TotalHours        : 5.87743611111111E-05
TotalMinutes      : 0.00352646166666667
TotalSeconds      : 0.2115877
TotalMilliseconds : 211.5877



