

Days              : 0
Hours             : 0
Minutes           : 0
Seconds           : 25
Milliseconds      : 223
Ticks             : 252230118
TotalDays         : 0.000291933006944444
TotalHours        : 0.00700639216666667
TotalMinutes      : 0.42038353
TotalSeconds      : 25.2230118
TotalMilliseconds : 25223.0118



