

Days              : 0
Hours             : 0
Minutes           : 0
Seconds           : 0
Milliseconds      : 213
Ticks             : 2130903
TotalDays         : 2.46632291666667E-06
TotalHours        : 5.919175E-05
TotalMinutes      : 0.003551505
TotalSeconds      : 0.2130903
TotalMilliseconds : 213.0903



