

Days              : 0
Hours             : 0
Minutes           : 0
Seconds           : 0
Milliseconds      : 53
Ticks             : 537796
TotalDays         : 6.22449074074074E-07
TotalHours        : 1.49387777777778E-05
TotalMinutes      : 0.000896326666666667
TotalSeconds      : 0.0537796
TotalMilliseconds : 53.7796



