

Days              : 0
Hours             : 0
Minutes           : 0
Seconds           : 0
Milliseconds      : 27
Ticks             : 274212
TotalDays         : 3.17375E-07
TotalHours        : 7.617E-06
TotalMinutes      : 0.00045702
TotalSeconds      : 0.0274212
TotalMilliseconds : 27.4212



