

Days              : 0
Hours             : 0
Minutes           : 0
Seconds           : 0
Milliseconds      : 32
Ticks             : 326906
TotalDays         : 3.78363425925926E-07
TotalHours        : 9.08072222222222E-06
TotalMinutes      : 0.000544843333333333
TotalSeconds      : 0.0326906
TotalMilliseconds : 32.6906



