

Days              : 0
Hours             : 0
Minutes           : 0
Seconds           : 0
Milliseconds      : 275
Ticks             : 2752653
TotalDays         : 3.18594097222222E-06
TotalHours        : 7.64625833333333E-05
TotalMinutes      : 0.004587755
TotalSeconds      : 0.2752653
TotalMilliseconds : 275.2653



