

Days              : 0
Hours             : 0
Minutes           : 0
Seconds           : 0
Milliseconds      : 85
Ticks             : 851580
TotalDays         : 9.85625E-07
TotalHours        : 2.3655E-05
TotalMinutes      : 0.0014193
TotalSeconds      : 0.085158
TotalMilliseconds : 85.158



