

Days              : 0
Hours             : 0
Minutes           : 0
Seconds           : 0
Milliseconds      : 8
Ticks             : 86349
TotalDays         : 9.99409722222222E-08
TotalHours        : 2.39858333333333E-06
TotalMinutes      : 0.000143915
TotalSeconds      : 0.0086349
TotalMilliseconds : 8.6349



