

Days              : 0
Hours             : 0
Minutes           : 0
Seconds           : 0
Milliseconds      : 154
Ticks             : 1548533
TotalDays         : 1.79228356481481E-06
TotalHours        : 4.30148055555556E-05
TotalMinutes      : 0.00258088833333333
TotalSeconds      : 0.1548533
TotalMilliseconds : 154.8533



