

Days              : 0
Hours             : 0
Minutes           : 0
Seconds           : 23
Milliseconds      : 990
Ticks             : 239909393
TotalDays         : 0.000277672908564815
TotalHours        : 0.00666414980555556
TotalMinutes      : 0.399848988333333
TotalSeconds      : 23.9909393
TotalMilliseconds : 23990.9393



