

Days              : 0
Hours             : 0
Minutes           : 0
Seconds           : 0
Milliseconds      : 141
Ticks             : 1412979
TotalDays         : 1.63539236111111E-06
TotalHours        : 3.92494166666667E-05
TotalMinutes      : 0.002354965
TotalSeconds      : 0.1412979
TotalMilliseconds : 141.2979



