

Days              : 0
Hours             : 0
Minutes           : 0
Seconds           : 0
Milliseconds      : 682
Ticks             : 6824458
TotalDays         : 7.89867824074074E-06
TotalHours        : 0.000189568277777778
TotalMinutes      : 0.0113740966666667
TotalSeconds      : 0.6824458
TotalMilliseconds : 682.4458



