

Days              : 0
Hours             : 0
Minutes           : 0
Seconds           : 0
Milliseconds      : 82
Ticks             : 822398
TotalDays         : 9.51849537037037E-07
TotalHours        : 2.28443888888889E-05
TotalMinutes      : 0.00137066333333333
TotalSeconds      : 0.0822398
TotalMilliseconds : 82.2398



