

Days              : 0
Hours             : 0
Minutes           : 0
Seconds           : 0
Milliseconds      : 44
Ticks             : 441088
TotalDays         : 5.10518518518518E-07
TotalHours        : 1.22524444444444E-05
TotalMinutes      : 0.000735146666666667
TotalSeconds      : 0.0441088
TotalMilliseconds : 44.1088



