

Days              : 0
Hours             : 0
Minutes           : 0
Seconds           : 2
Milliseconds      : 793
Ticks             : 27938251
TotalDays         : 3.23359386574074E-05
TotalHours        : 0.000776062527777778
TotalMinutes      : 0.0465637516666667
TotalSeconds      : 2.7938251
TotalMilliseconds : 2793.8251



