

Days              : 0
Hours             : 0
Minutes           : 0
Seconds           : 0
Milliseconds      : 25
Ticks             : 253834
TotalDays         : 2.93789351851852E-07
TotalHours        : 7.05094444444444E-06
TotalMinutes      : 0.000423056666666667
TotalSeconds      : 0.0253834
TotalMilliseconds : 25.3834



