

Days              : 0
Hours             : 0
Minutes           : 0
Seconds           : 0
Milliseconds      : 210
Ticks             : 2102792
TotalDays         : 2.43378703703704E-06
TotalHours        : 5.84108888888889E-05
TotalMinutes      : 0.00350465333333333
TotalSeconds      : 0.2102792
TotalMilliseconds : 210.2792



