

Days              : 0
Hours             : 0
Minutes           : 0
Seconds           : 0
Milliseconds      : 34
Ticks             : 343165
TotalDays         : 3.97181712962963E-07
TotalHours        : 9.53236111111111E-06
TotalMinutes      : 0.000571941666666667
TotalSeconds      : 0.0343165
TotalMilliseconds : 34.3165



