

Days              : 0
Hours             : 0
Minutes           : 0
Seconds           : 0
Milliseconds      : 59
Ticks             : 597960
TotalDays         : 6.92083333333333E-07
TotalHours        : 1.661E-05
TotalMinutes      : 0.0009966
TotalSeconds      : 0.059796
TotalMilliseconds : 59.796



