

Days              : 0
Hours             : 0
Minutes           : 0
Seconds           : 0
Milliseconds      : 25
Ticks             : 258718
TotalDays         : 2.9944212962963E-07
TotalHours        : 7.18661111111111E-06
TotalMinutes      : 0.000431196666666667
TotalSeconds      : 0.0258718
TotalMilliseconds : 25.8718



