

Days              : 0
Hours             : 0
Minutes           : 0
Seconds           : 0
Milliseconds      : 108
Ticks             : 1086910
TotalDays         : 1.25799768518519E-06
TotalHours        : 3.01919444444444E-05
TotalMinutes      : 0.00181151666666667
TotalSeconds      : 0.108691
TotalMilliseconds : 108.691



