

Days              : 0
Hours             : 0
Minutes           : 0
Seconds           : 0
Milliseconds      : 16
Ticks             : 161544
TotalDays         : 1.86972222222222E-07
TotalHours        : 4.48733333333333E-06
TotalMinutes      : 0.00026924
TotalSeconds      : 0.0161544
TotalMilliseconds : 16.1544



