

Days              : 0
Hours             : 0
Minutes           : 0
Seconds           : 1
Milliseconds      : 82
Ticks             : 10821172
TotalDays         : 1.25245046296296E-05
TotalHours        : 0.000300588111111111
TotalMinutes      : 0.0180352866666667
TotalSeconds      : 1.0821172
TotalMilliseconds : 1082.1172



