

Days              : 0
Hours             : 0
Minutes           : 0
Seconds           : 9
Milliseconds      : 487
Ticks             : 94874674
TotalDays         : 0.000109808650462963
TotalHours        : 0.00263540761111111
TotalMinutes      : 0.158124456666667
TotalSeconds      : 9.4874674
TotalMilliseconds : 9487.4674



