

Days              : 0
Hours             : 0
Minutes           : 0
Seconds           : 0
Milliseconds      : 10
Ticks             : 102536
TotalDays         : 1.18675925925926E-07
TotalHours        : 2.84822222222222E-06
TotalMinutes      : 0.000170893333333333
TotalSeconds      : 0.0102536
TotalMilliseconds : 10.2536



