

Days              : 0
Hours             : 0
Minutes           : 0
Seconds           : 0
Milliseconds      : 91
Ticks             : 910352
TotalDays         : 1.05364814814815E-06
TotalHours        : 2.52875555555556E-05
TotalMinutes      : 0.00151725333333333
TotalSeconds      : 0.0910352
TotalMilliseconds : 91.0352



