

Days              : 0
Hours             : 0
Minutes           : 0
Seconds           : 0
Milliseconds      : 104
Ticks             : 1047881
TotalDays         : 1.21282523148148E-06
TotalHours        : 2.91078055555556E-05
TotalMinutes      : 0.00174646833333333
TotalSeconds      : 0.1047881
TotalMilliseconds : 104.7881



