

Days              : 0
Hours             : 0
Minutes           : 0
Seconds           : 0
Milliseconds      : 954
Ticks             : 9548517
TotalDays         : 1.10515243055556E-05
TotalHours        : 0.000265236583333333
TotalMinutes      : 0.015914195
TotalSeconds      : 0.9548517
TotalMilliseconds : 954.8517



