

Days              : 0
Hours             : 0
Minutes           : 0
Seconds           : 0
Milliseconds      : 168
Ticks             : 1684934
TotalDays         : 1.95015509259259E-06
TotalHours        : 4.68037222222222E-05
TotalMinutes      : 0.00280822333333333
TotalSeconds      : 0.1684934
TotalMilliseconds : 168.4934



