

Days              : 0
Hours             : 0
Minutes           : 0
Seconds           : 0
Milliseconds      : 126
Ticks             : 1265966
TotalDays         : 1.46523842592593E-06
TotalHours        : 3.51657222222222E-05
TotalMinutes      : 0.00210994333333333
TotalSeconds      : 0.1265966
TotalMilliseconds : 126.5966



