

Days              : 0
Hours             : 0
Minutes           : 0
Seconds           : 0
Milliseconds      : 152
Ticks             : 1522471
TotalDays         : 1.76211921296296E-06
TotalHours        : 4.22908611111111E-05
TotalMinutes      : 0.00253745166666667
TotalSeconds      : 0.1522471
TotalMilliseconds : 152.2471



