

Days              : 0
Hours             : 0
Minutes           : 0
Seconds           : 20
Milliseconds      : 811
Ticks             : 208115747
TotalDays         : 0.000240874707175926
TotalHours        : 0.00578099297222222
TotalMinutes      : 0.346859578333333
TotalSeconds      : 20.8115747
TotalMilliseconds : 20811.5747



