

Days              : 0
Hours             : 0
Minutes           : 0
Seconds           : 0
Milliseconds      : 8
Ticks             : 85223
TotalDays         : 9.86377314814815E-08
TotalHours        : 2.36730555555556E-06
TotalMinutes      : 0.000142038333333333
TotalSeconds      : 0.0085223
TotalMilliseconds : 8.5223



