

Days              : 0
Hours             : 0
Minutes           : 0
Seconds           : 0
Milliseconds      : 43
Ticks             : 434932
TotalDays         : 5.03393518518519E-07
TotalHours        : 1.20814444444444E-05
TotalMinutes      : 0.000724886666666667
TotalSeconds      : 0.0434932
TotalMilliseconds : 43.4932



