

Days              : 0
Hours             : 0
Minutes           : 0
Seconds           : 0
Milliseconds      : 24
Ticks             : 241401
TotalDays         : 2.79399305555556E-07
TotalHours        : 6.70558333333333E-06
TotalMinutes      : 0.000402335
TotalSeconds      : 0.0241401
TotalMilliseconds : 24.1401



