

Days              : 0
Hours             : 0
Minutes           : 0
Seconds           : 43
Milliseconds      : 719
Ticks             : 437193643
TotalDays         : 0.00050601116087963
TotalHours        : 0.0121442678611111
TotalMinutes      : 0.728656071666667
TotalSeconds      : 43.7193643
TotalMilliseconds : 43719.3643



