

Days              : 0
Hours             : 0
Minutes           : 0
Seconds           : 0
Milliseconds      : 314
Ticks             : 3149494
TotalDays         : 3.64524768518519E-06
TotalHours        : 8.74859444444444E-05
TotalMinutes      : 0.00524915666666667
TotalSeconds      : 0.3149494
TotalMilliseconds : 314.9494



