

Days              : 0
Hours             : 0
Minutes           : 0
Seconds           : 0
Milliseconds      : 8
Ticks             : 82647
TotalDays         : 9.565625E-08
TotalHours        : 2.29575E-06
TotalMinutes      : 0.000137745
TotalSeconds      : 0.0082647
TotalMilliseconds : 8.2647



