

Days              : 0
Hours             : 0
Minutes           : 0
Seconds           : 0
Milliseconds      : 8
Ticks             : 89683
TotalDays         : 1.03799768518519E-07
TotalHours        : 2.49119444444444E-06
TotalMinutes      : 0.000149471666666667
TotalSeconds      : 0.0089683
TotalMilliseconds : 8.9683



