

Days              : 0
Hours             : 0
Minutes           : 0
Seconds           : 0
Milliseconds      : 868
Ticks             : 8681209
TotalDays         : 1.00476956018519E-05
TotalHours        : 0.000241144694444444
TotalMinutes      : 0.0144686816666667
TotalSeconds      : 0.8681209
TotalMilliseconds : 868.1209



