

Days              : 0
Hours             : 0
Minutes           : 0
Seconds           : 30
Milliseconds      : 43
Ticks             : 300430407
TotalDays         : 0.000347720378472222
TotalHours        : 0.00834528908333333
TotalMinutes      : 0.500717345
TotalSeconds      : 30.0430407
TotalMilliseconds : 30043.0407



