

Days              : 0
Hours             : 0
Minutes           : 0
Seconds           : 0
Milliseconds      : 579
Ticks             : 5791122
TotalDays         : 6.7026875E-06
TotalHours        : 0.0001608645
TotalMinutes      : 0.00965187
TotalSeconds      : 0.5791122
TotalMilliseconds : 579.1122



