

Days              : 0
Hours             : 0
Minutes           : 0
Seconds           : 0
Milliseconds      : 537
Ticks             : 5371583
TotalDays         : 6.2171099537037E-06
TotalHours        : 0.000149210638888889
TotalMinutes      : 0.00895263833333333
TotalSeconds      : 0.5371583
TotalMilliseconds : 537.1583



