

Days              : 0
Hours             : 0
Minutes           : 0
Seconds           : 39
Milliseconds      : 454
Ticks             : 394544491
TotalDays         : 0.000456648716435185
TotalHours        : 0.0109595691944444
TotalMinutes      : 0.657574151666667
TotalSeconds      : 39.4544491
TotalMilliseconds : 39454.4491



