

Days              : 0
Hours             : 0
Minutes           : 0
Seconds           : 34
Milliseconds      : 459
Ticks             : 344596954
TotalDays         : 0.00039883906712963
TotalHours        : 0.00957213761111111
TotalMinutes      : 0.574328256666667
TotalSeconds      : 34.4596954
TotalMilliseconds : 34459.6954



