

Days              : 0
Hours             : 0
Minutes           : 0
Seconds           : 0
Milliseconds      : 310
Ticks             : 3107066
TotalDays         : 3.5961412037037E-06
TotalHours        : 8.63073888888889E-05
TotalMinutes      : 0.00517844333333333
TotalSeconds      : 0.3107066
TotalMilliseconds : 310.7066



