

Days              : 0
Hours             : 0
Minutes           : 0
Seconds           : 0
Milliseconds      : 870
Ticks             : 8709832
TotalDays         : 1.00808240740741E-05
TotalHours        : 0.000241939777777778
TotalMinutes      : 0.0145163866666667
TotalSeconds      : 0.8709832
TotalMilliseconds : 870.9832



