

Days              : 0
Hours             : 0
Minutes           : 0
Seconds           : 0
Milliseconds      : 500
Ticks             : 5004796
TotalDays         : 5.79258796296296E-06
TotalHours        : 0.000139022111111111
TotalMinutes      : 0.00834132666666667
TotalSeconds      : 0.5004796
TotalMilliseconds : 500.4796



