

Days              : 0
Hours             : 0
Minutes           : 0
Seconds           : 0
Milliseconds      : 955
Ticks             : 9556501
TotalDays         : 1.10607650462963E-05
TotalHours        : 0.000265458361111111
TotalMinutes      : 0.0159275016666667
TotalSeconds      : 0.9556501
TotalMilliseconds : 955.6501



