

Days              : 0
Hours             : 0
Minutes           : 0
Seconds           : 0
Milliseconds      : 9
Ticks             : 90105
TotalDays         : 1.04288194444444E-07
TotalHours        : 2.50291666666667E-06
TotalMinutes      : 0.000150175
TotalSeconds      : 0.0090105
TotalMilliseconds : 9.0105



