

Days              : 0
Hours             : 0
Minutes           : 0
Seconds           : 23
Milliseconds      : 545
Ticks             : 235457701
TotalDays         : 0.000272520487268519
TotalHours        : 0.00654049169444444
TotalMinutes      : 0.392429501666667
TotalSeconds      : 23.5457701
TotalMilliseconds : 23545.7701



