

Days              : 0
Hours             : 0
Minutes           : 0
Seconds           : 0
Milliseconds      : 477
Ticks             : 4778378
TotalDays         : 5.53053009259259E-06
TotalHours        : 0.000132732722222222
TotalMinutes      : 0.00796396333333333
TotalSeconds      : 0.4778378
TotalMilliseconds : 477.8378



