

Days              : 0
Hours             : 0
Minutes           : 0
Seconds           : 0
Milliseconds      : 139
Ticks             : 1392077
TotalDays         : 1.61120023148148E-06
TotalHours        : 3.86688055555556E-05
TotalMinutes      : 0.00232012833333333
TotalSeconds      : 0.1392077
TotalMilliseconds : 139.2077



