

Days              : 0
Hours             : 0
Minutes           : 0
Seconds           : 0
Milliseconds      : 9
Ticks             : 99415
TotalDays         : 1.15063657407407E-07
TotalHours        : 2.76152777777778E-06
TotalMinutes      : 0.000165691666666667
TotalSeconds      : 0.0099415
TotalMilliseconds : 9.9415



