

Days              : 0
Hours             : 0
Minutes           : 0
Seconds           : 0
Milliseconds      : 106
Ticks             : 1068627
TotalDays         : 1.23683680555556E-06
TotalHours        : 2.96840833333333E-05
TotalMinutes      : 0.001781045
TotalSeconds      : 0.1068627
TotalMilliseconds : 106.8627



