

Days              : 0
Hours             : 0
Minutes           : 0
Seconds           : 0
Milliseconds      : 8
Ticks             : 88838
TotalDays         : 1.02821759259259E-07
TotalHours        : 2.46772222222222E-06
TotalMinutes      : 0.000148063333333333
TotalSeconds      : 0.0088838
TotalMilliseconds : 8.8838



