

Days              : 0
Hours             : 0
Minutes           : 0
Seconds           : 0
Milliseconds      : 150
Ticks             : 1501352
TotalDays         : 1.73767592592593E-06
TotalHours        : 4.17042222222222E-05
TotalMinutes      : 0.00250225333333333
TotalSeconds      : 0.1501352
TotalMilliseconds : 150.1352



