

Days              : 0
Hours             : 0
Minutes           : 0
Seconds           : 0
Milliseconds      : 486
Ticks             : 4864520
TotalDays         : 5.63023148148148E-06
TotalHours        : 0.000135125555555556
TotalMinutes      : 0.00810753333333333
TotalSeconds      : 0.486452
TotalMilliseconds : 486.452



