

Days              : 0
Hours             : 0
Minutes           : 0
Seconds           : 0
Milliseconds      : 69
Ticks             : 699911
TotalDays         : 8.10082175925926E-07
TotalHours        : 1.94419722222222E-05
TotalMinutes      : 0.00116651833333333
TotalSeconds      : 0.0699911
TotalMilliseconds : 69.9911



