

Days              : 0
Hours             : 0
Minutes           : 0
Seconds           : 0
Milliseconds      : 10
Ticks             : 104178
TotalDays         : 1.20576388888889E-07
TotalHours        : 2.89383333333333E-06
TotalMinutes      : 0.00017363
TotalSeconds      : 0.0104178
TotalMilliseconds : 10.4178



