

Days              : 0
Hours             : 0
Minutes           : 0
Seconds           : 0
Milliseconds      : 161
Ticks             : 1616709
TotalDays         : 1.87119097222222E-06
TotalHours        : 4.49085833333333E-05
TotalMinutes      : 0.002694515
TotalSeconds      : 0.1616709
TotalMilliseconds : 161.6709



