

Days              : 0
Hours             : 0
Minutes           : 0
Seconds           : 22
Milliseconds      : 485
Ticks             : 224854551
TotalDays         : 0.000260248322916667
TotalHours        : 0.00624595975
TotalMinutes      : 0.374757585
TotalSeconds      : 22.4854551
TotalMilliseconds : 22485.4551



