

Days              : 0
Hours             : 0
Minutes           : 0
Seconds           : 1
Milliseconds      : 152
Ticks             : 11529142
TotalDays         : 1.33439143518519E-05
TotalHours        : 0.000320253944444444
TotalMinutes      : 0.0192152366666667
TotalSeconds      : 1.1529142
TotalMilliseconds : 1152.9142



