

Days              : 0
Hours             : 0
Minutes           : 0
Seconds           : 0
Milliseconds      : 414
Ticks             : 4148517
TotalDays         : 4.80152430555556E-06
TotalHours        : 0.000115236583333333
TotalMinutes      : 0.006914195
TotalSeconds      : 0.4148517
TotalMilliseconds : 414.8517



