

Days              : 0
Hours             : 0
Minutes           : 0
Seconds           : 0
Milliseconds      : 164
Ticks             : 1644090
TotalDays         : 1.90288194444444E-06
TotalHours        : 4.56691666666667E-05
TotalMinutes      : 0.00274015
TotalSeconds      : 0.164409
TotalMilliseconds : 164.409



