

Days              : 0
Hours             : 0
Minutes           : 0
Seconds           : 1
Milliseconds      : 209
Ticks             : 12092151
TotalDays         : 1.39955451388889E-05
TotalHours        : 0.000335893083333333
TotalMinutes      : 0.020153585
TotalSeconds      : 1.2092151
TotalMilliseconds : 1209.2151



