

Days              : 0
Hours             : 0
Minutes           : 5
Seconds           : 33
Milliseconds      : 14
Ticks             : 3330144718
TotalDays         : 0.00385433416435185
TotalHours        : 0.0925040199444444
TotalMinutes      : 5.55024119666667
TotalSeconds      : 333.0144718
TotalMilliseconds : 333014.4718



