

Days              : 0
Hours             : 0
Minutes           : 0
Seconds           : 0
Milliseconds      : 167
Ticks             : 1675746
TotalDays         : 1.93952083333333E-06
TotalHours        : 4.65485E-05
TotalMinutes      : 0.00279291
TotalSeconds      : 0.1675746
TotalMilliseconds : 167.5746



