

Days              : 0
Hours             : 0
Minutes           : 0
Seconds           : 13
Milliseconds      : 344
Ticks             : 133447955
TotalDays         : 0.00015445365162037
TotalHours        : 0.00370688763888889
TotalMinutes      : 0.222413258333333
TotalSeconds      : 13.3447955
TotalMilliseconds : 13344.7955



