

Days              : 0
Hours             : 0
Minutes           : 0
Seconds           : 0
Milliseconds      : 130
Ticks             : 1303875
TotalDays         : 1.50911458333333E-06
TotalHours        : 3.621875E-05
TotalMinutes      : 0.002173125
TotalSeconds      : 0.1303875
TotalMilliseconds : 130.3875



