

Days              : 0
Hours             : 0
Minutes           : 1
Seconds           : 24
Milliseconds      : 399
Ticks             : 843992949
TotalDays         : 0.000976843690972222
TotalHours        : 0.0234442485833333
TotalMinutes      : 1.406654915
TotalSeconds      : 84.3992949
TotalMilliseconds : 84399.2949



