

Days              : 0
Hours             : 0
Minutes           : 0
Seconds           : 0
Milliseconds      : 294
Ticks             : 2941449
TotalDays         : 3.40445486111111E-06
TotalHours        : 8.17069166666667E-05
TotalMinutes      : 0.004902415
TotalSeconds      : 0.2941449
TotalMilliseconds : 294.1449



