

Days              : 0
Hours             : 0
Minutes           : 0
Seconds           : 0
Milliseconds      : 132
Ticks             : 1321802
TotalDays         : 1.52986342592593E-06
TotalHours        : 3.67167222222222E-05
TotalMinutes      : 0.00220300333333333
TotalSeconds      : 0.1321802
TotalMilliseconds : 132.1802



