

Days              : 0
Hours             : 0
Minutes           : 0
Seconds           : 35
Milliseconds      : 349
Ticks             : 353498624
TotalDays         : 0.000409141925925926
TotalHours        : 0.00981940622222222
TotalMinutes      : 0.589164373333333
TotalSeconds      : 35.3498624
TotalMilliseconds : 35349.8624



