

Days              : 0
Hours             : 0
Minutes           : 0
Seconds           : 0
Milliseconds      : 9
Ticks             : 96762
TotalDays         : 1.11993055555556E-07
TotalHours        : 2.68783333333333E-06
TotalMinutes      : 0.00016127
TotalSeconds      : 0.0096762
TotalMilliseconds : 9.6762



