

Days              : 0
Hours             : 0
Minutes           : 0
Seconds           : 0
Milliseconds      : 9
Ticks             : 92224
TotalDays         : 1.06740740740741E-07
TotalHours        : 2.56177777777778E-06
TotalMinutes      : 0.000153706666666667
TotalSeconds      : 0.0092224
TotalMilliseconds : 9.2224



