

Days              : 0
Hours             : 0
Minutes           : 4
Seconds           : 8
Milliseconds      : 275
Ticks             : 2482750735
TotalDays         : 0.00287355409143518
TotalHours        : 0.0689652981944444
TotalMinutes      : 4.13791789166667
TotalSeconds      : 248.2750735
TotalMilliseconds : 248275.0735



