

Days              : 0
Hours             : 0
Minutes           : 0
Seconds           : 0
Milliseconds      : 165
Ticks             : 1658768
TotalDays         : 1.91987037037037E-06
TotalHours        : 4.60768888888889E-05
TotalMinutes      : 0.00276461333333333
TotalSeconds      : 0.1658768
TotalMilliseconds : 165.8768



