

Days              : 0
Hours             : 0
Minutes           : 0
Seconds           : 0
Milliseconds      : 8
Ticks             : 81482
TotalDays         : 9.43078703703704E-08
TotalHours        : 2.26338888888889E-06
TotalMinutes      : 0.000135803333333333
TotalSeconds      : 0.0081482
TotalMilliseconds : 8.1482



