

Days              : 0
Hours             : 0
Minutes           : 0
Seconds           : 0
Milliseconds      : 10
Ticks             : 109625
TotalDays         : 1.26880787037037E-07
TotalHours        : 3.04513888888889E-06
TotalMinutes      : 0.000182708333333333
TotalSeconds      : 0.0109625
TotalMilliseconds : 10.9625



