

Days              : 0
Hours             : 0
Minutes           : 0
Seconds           : 0
Milliseconds      : 9
Ticks             : 90887
TotalDays         : 1.05193287037037E-07
TotalHours        : 2.52463888888889E-06
TotalMinutes      : 0.000151478333333333
TotalSeconds      : 0.0090887
TotalMilliseconds : 9.0887



