

Days              : 0
Hours             : 0
Minutes           : 0
Seconds           : 27
Milliseconds      : 971
Ticks             : 279711490
TotalDays         : 0.000323740150462963
TotalHours        : 0.00776976361111111
TotalMinutes      : 0.466185816666667
TotalSeconds      : 27.971149
TotalMilliseconds : 27971.149



