

Days              : 0
Hours             : 0
Minutes           : 0
Seconds           : 0
Milliseconds      : 150
Ticks             : 1508164
TotalDays         : 1.74556018518519E-06
TotalHours        : 4.18934444444444E-05
TotalMinutes      : 0.00251360666666667
TotalSeconds      : 0.1508164
TotalMilliseconds : 150.8164



