

Days              : 0
Hours             : 0
Minutes           : 0
Seconds           : 0
Milliseconds      : 127
Ticks             : 1276842
TotalDays         : 1.47782638888889E-06
TotalHours        : 3.54678333333333E-05
TotalMinutes      : 0.00212807
TotalSeconds      : 0.1276842
TotalMilliseconds : 127.6842



