

Days              : 0
Hours             : 0
Minutes           : 0
Seconds           : 0
Milliseconds      : 8
Ticks             : 82955
TotalDays         : 9.60127314814815E-08
TotalHours        : 2.30430555555556E-06
TotalMinutes      : 0.000138258333333333
TotalSeconds      : 0.0082955
TotalMilliseconds : 8.2955



