

Days              : 0
Hours             : 0
Minutes           : 0
Seconds           : 24
Milliseconds      : 269
Ticks             : 242690840
TotalDays         : 0.000280892175925926
TotalHours        : 0.00674141222222222
TotalMinutes      : 0.404484733333333
TotalSeconds      : 24.269084
TotalMilliseconds : 24269.084



