

Days              : 0
Hours             : 0
Minutes           : 0
Seconds           : 0
Milliseconds      : 912
Ticks             : 9128684
TotalDays         : 1.05656064814815E-05
TotalHours        : 0.000253574555555556
TotalMinutes      : 0.0152144733333333
TotalSeconds      : 0.9128684
TotalMilliseconds : 912.8684



