

Days              : 0
Hours             : 0
Minutes           : 0
Seconds           : 0
Milliseconds      : 8
Ticks             : 82132
TotalDays         : 9.50601851851852E-08
TotalHours        : 2.28144444444444E-06
TotalMinutes      : 0.000136886666666667
TotalSeconds      : 0.0082132
TotalMilliseconds : 8.2132



