

Days              : 0
Hours             : 0
Minutes           : 0
Seconds           : 0
Milliseconds      : 842
Ticks             : 8427072
TotalDays         : 9.75355555555556E-06
TotalHours        : 0.000234085333333333
TotalMinutes      : 0.01404512
TotalSeconds      : 0.8427072
TotalMilliseconds : 842.7072



