

Days              : 0
Hours             : 0
Minutes           : 1
Seconds           : 54
Milliseconds      : 146
Ticks             : 1141466225
TotalDays         : 0.00132114146412037
TotalHours        : 0.0317073951388889
TotalMinutes      : 1.90244370833333
TotalSeconds      : 114.1466225
TotalMilliseconds : 114146.6225



