

Days              : 0
Hours             : 0
Minutes           : 0
Seconds           : 0
Milliseconds      : 70
Ticks             : 707692
TotalDays         : 8.19087962962963E-07
TotalHours        : 1.96581111111111E-05
TotalMinutes      : 0.00117948666666667
TotalSeconds      : 0.0707692
TotalMilliseconds : 70.7692



