

Days              : 0
Hours             : 0
Minutes           : 0
Seconds           : 32
Milliseconds      : 714
Ticks             : 327148236
TotalDays         : 0.000378643791666667
TotalHours        : 0.009087451
TotalMinutes      : 0.54524706
TotalSeconds      : 32.7148236
TotalMilliseconds : 32714.8236



