

Days              : 0
Hours             : 0
Minutes           : 0
Seconds           : 0
Milliseconds      : 386
Ticks             : 3865112
TotalDays         : 4.47350925925926E-06
TotalHours        : 0.000107364222222222
TotalMinutes      : 0.00644185333333333
TotalSeconds      : 0.3865112
TotalMilliseconds : 386.5112



