

Days              : 0
Hours             : 0
Minutes           : 0
Seconds           : 0
Milliseconds      : 8
Ticks             : 84412
TotalDays         : 9.76990740740741E-08
TotalHours        : 2.34477777777778E-06
TotalMinutes      : 0.000140686666666667
TotalSeconds      : 0.0084412
TotalMilliseconds : 8.4412



