

Days              : 0
Hours             : 0
Minutes           : 0
Seconds           : 0
Milliseconds      : 11
Ticks             : 112205
TotalDays         : 1.29866898148148E-07
TotalHours        : 3.11680555555556E-06
TotalMinutes      : 0.000187008333333333
TotalSeconds      : 0.0112205
TotalMilliseconds : 11.2205



