

Days              : 0
Hours             : 0
Minutes           : 0
Seconds           : 0
Milliseconds      : 12
Ticks             : 124156
TotalDays         : 1.43699074074074E-07
TotalHours        : 3.44877777777778E-06
TotalMinutes      : 0.000206926666666667
TotalSeconds      : 0.0124156
TotalMilliseconds : 12.4156



