

Days              : 0
Hours             : 0
Minutes           : 0
Seconds           : 0
Milliseconds      : 11
Ticks             : 118568
TotalDays         : 1.37231481481481E-07
TotalHours        : 3.29355555555556E-06
TotalMinutes      : 0.000197613333333333
TotalSeconds      : 0.0118568
TotalMilliseconds : 11.8568



