

Days              : 0
Hours             : 0
Minutes           : 0
Seconds           : 0
Milliseconds      : 75
Ticks             : 759032
TotalDays         : 8.78509259259259E-07
TotalHours        : 2.10842222222222E-05
TotalMinutes      : 0.00126505333333333
TotalSeconds      : 0.0759032
TotalMilliseconds : 75.9032



