

Days              : 0
Hours             : 0
Minutes           : 0
Seconds           : 0
Milliseconds      : 212
Ticks             : 2125964
TotalDays         : 2.46060648148148E-06
TotalHours        : 5.90545555555556E-05
TotalMinutes      : 0.00354327333333333
TotalSeconds      : 0.2125964
TotalMilliseconds : 212.5964



