

Days              : 0
Hours             : 0
Minutes           : 0
Seconds           : 0
Milliseconds      : 44
Ticks             : 441614
TotalDays         : 5.11127314814815E-07
TotalHours        : 1.22670555555556E-05
TotalMinutes      : 0.000736023333333333
TotalSeconds      : 0.0441614
TotalMilliseconds : 44.1614



