

Days              : 0
Hours             : 0
Minutes           : 0
Seconds           : 0
Milliseconds      : 115
Ticks             : 1153532
TotalDays         : 1.33510648148148E-06
TotalHours        : 3.20425555555556E-05
TotalMinutes      : 0.00192255333333333
TotalSeconds      : 0.1153532
TotalMilliseconds : 115.3532



