

Days              : 0
Hours             : 0
Minutes           : 0
Seconds           : 0
Milliseconds      : 27
Ticks             : 270992
TotalDays         : 3.13648148148148E-07
TotalHours        : 7.52755555555555E-06
TotalMinutes      : 0.000451653333333333
TotalSeconds      : 0.0270992
TotalMilliseconds : 27.0992



