

Days              : 0
Hours             : 0
Minutes           : 0
Seconds           : 0
Milliseconds      : 97
Ticks             : 972747
TotalDays         : 1.12586458333333E-06
TotalHours        : 2.702075E-05
TotalMinutes      : 0.001621245
TotalSeconds      : 0.0972747
TotalMilliseconds : 97.2747



