

Days              : 0
Hours             : 0
Minutes           : 0
Seconds           : 0
Milliseconds      : 143
Ticks             : 1431755
TotalDays         : 1.65712384259259E-06
TotalHours        : 3.97709722222222E-05
TotalMinutes      : 0.00238625833333333
TotalSeconds      : 0.1431755
TotalMilliseconds : 143.1755



