

Days              : 0
Hours             : 0
Minutes           : 0
Seconds           : 38
Milliseconds      : 969
Ticks             : 389693710
TotalDays         : 0.000451034386574074
TotalHours        : 0.0108248252777778
TotalMinutes      : 0.649489516666667
TotalSeconds      : 38.969371
TotalMilliseconds : 38969.371



