

Days              : 0
Hours             : 0
Minutes           : 0
Seconds           : 0
Milliseconds      : 766
Ticks             : 7664523
TotalDays         : 8.87097569444444E-06
TotalHours        : 0.000212903416666667
TotalMinutes      : 0.012774205
TotalSeconds      : 0.7664523
TotalMilliseconds : 766.4523



