

Days              : 0
Hours             : 0
Minutes           : 0
Seconds           : 0
Milliseconds      : 8
Ticks             : 85967
TotalDays         : 9.94988425925926E-08
TotalHours        : 2.38797222222222E-06
TotalMinutes      : 0.000143278333333333
TotalSeconds      : 0.0085967
TotalMilliseconds : 8.5967



