

Days              : 0
Hours             : 0
Minutes           : 0
Seconds           : 0
Milliseconds      : 809
Ticks             : 8097280
TotalDays         : 9.37185185185185E-06
TotalHours        : 0.000224924444444444
TotalMinutes      : 0.0134954666666667
TotalSeconds      : 0.809728
TotalMilliseconds : 809.728



