

Days              : 0
Hours             : 0
Minutes           : 0
Seconds           : 0
Milliseconds      : 15
Ticks             : 158913
TotalDays         : 1.83927083333333E-07
TotalHours        : 4.41425E-06
TotalMinutes      : 0.000264855
TotalSeconds      : 0.0158913
TotalMilliseconds : 15.8913



