

Days              : 0
Hours             : 0
Minutes           : 0
Seconds           : 0
Milliseconds      : 46
Ticks             : 468513
TotalDays         : 5.42260416666667E-07
TotalHours        : 1.301425E-05
TotalMinutes      : 0.000780855
TotalSeconds      : 0.0468513
TotalMilliseconds : 46.8513



