

Days              : 0
Hours             : 0
Minutes           : 0
Seconds           : 0
Milliseconds      : 51
Ticks             : 513940
TotalDays         : 5.94837962962963E-07
TotalHours        : 1.42761111111111E-05
TotalMinutes      : 0.000856566666666667
TotalSeconds      : 0.051394
TotalMilliseconds : 51.394



