

Days              : 0
Hours             : 0
Minutes           : 0
Seconds           : 0
Milliseconds      : 33
Ticks             : 335300
TotalDays         : 3.88078703703704E-07
TotalHours        : 9.31388888888889E-06
TotalMinutes      : 0.000558833333333333
TotalSeconds      : 0.03353
TotalMilliseconds : 33.53



