

Days              : 0
Hours             : 0
Minutes           : 0
Seconds           : 0
Milliseconds      : 12
Ticks             : 127308
TotalDays         : 1.47347222222222E-07
TotalHours        : 3.53633333333333E-06
TotalMinutes      : 0.00021218
TotalSeconds      : 0.0127308
TotalMilliseconds : 12.7308



