

Days              : 0
Hours             : 0
Minutes           : 0
Seconds           : 0
Milliseconds      : 78
Ticks             : 785131
TotalDays         : 9.08716435185185E-07
TotalHours        : 2.18091944444444E-05
TotalMinutes      : 0.00130855166666667
TotalSeconds      : 0.0785131
TotalMilliseconds : 78.5131



