

Days              : 0
Hours             : 0
Minutes           : 0
Seconds           : 0
Milliseconds      : 48
Ticks             : 488144
TotalDays         : 5.64981481481481E-07
TotalHours        : 1.35595555555556E-05
TotalMinutes      : 0.000813573333333333
TotalSeconds      : 0.0488144
TotalMilliseconds : 48.8144



