

Days              : 0
Hours             : 0
Minutes           : 0
Seconds           : 0
Milliseconds      : 114
Ticks             : 1141884
TotalDays         : 1.321625E-06
TotalHours        : 3.1719E-05
TotalMinutes      : 0.00190314
TotalSeconds      : 0.1141884
TotalMilliseconds : 114.1884



