

Days              : 0
Hours             : 0
Minutes           : 0
Seconds           : 0
Milliseconds      : 7
Ticks             : 79717
TotalDays         : 9.22650462962963E-08
TotalHours        : 2.21436111111111E-06
TotalMinutes      : 0.000132861666666667
TotalSeconds      : 0.0079717
TotalMilliseconds : 7.9717



