

Days              : 0
Hours             : 0
Minutes           : 0
Seconds           : 0
Milliseconds      : 11
Ticks             : 113800
TotalDays         : 1.31712962962963E-07
TotalHours        : 3.16111111111111E-06
TotalMinutes      : 0.000189666666666667
TotalSeconds      : 0.01138
TotalMilliseconds : 11.38



