

Days              : 0
Hours             : 0
Minutes           : 0
Seconds           : 0
Milliseconds      : 7
Ticks             : 76935
TotalDays         : 8.90451388888889E-08
TotalHours        : 2.13708333333333E-06
TotalMinutes      : 0.000128225
TotalSeconds      : 0.0076935
TotalMilliseconds : 7.6935



