

Days              : 0
Hours             : 0
Minutes           : 0
Seconds           : 46
Milliseconds      : 337
Ticks             : 463379858
TotalDays         : 0.000536319280092593
TotalHours        : 0.0128716627222222
TotalMinutes      : 0.772299763333333
TotalSeconds      : 46.3379858
TotalMilliseconds : 46337.9858



