

Days              : 0
Hours             : 0
Minutes           : 1
Seconds           : 29
Milliseconds      : 340
Ticks             : 893407964
TotalDays         : 0.00103403699537037
TotalHours        : 0.0248168878888889
TotalMinutes      : 1.48901327333333
TotalSeconds      : 89.3407964
TotalMilliseconds : 89340.7964



