

Days              : 0
Hours             : 0
Minutes           : 0
Seconds           : 0
Milliseconds      : 10
Ticks             : 104895
TotalDays         : 1.2140625E-07
TotalHours        : 2.91375E-06
TotalMinutes      : 0.000174825
TotalSeconds      : 0.0104895
TotalMilliseconds : 10.4895



