

Days              : 0
Hours             : 0
Minutes           : 2
Seconds           : 38
Milliseconds      : 188
Ticks             : 1581880102
TotalDays         : 0.00183087974768519
TotalHours        : 0.0439411139444444
TotalMinutes      : 2.63646683666667
TotalSeconds      : 158.1880102
TotalMilliseconds : 158188.0102



