

Days              : 0
Hours             : 0
Minutes           : 0
Seconds           : 43
Milliseconds      : 859
Ticks             : 438591213
TotalDays         : 0.00050762871875
TotalHours        : 0.01218308925
TotalMinutes      : 0.730985355
TotalSeconds      : 43.8591213
TotalMilliseconds : 43859.1213



