

Days              : 0
Hours             : 0
Minutes           : 0
Seconds           : 0
Milliseconds      : 8
Ticks             : 87368
TotalDays         : 1.0112037037037E-07
TotalHours        : 2.42688888888889E-06
TotalMinutes      : 0.000145613333333333
TotalSeconds      : 0.0087368
TotalMilliseconds : 8.7368



