

Days              : 0
Hours             : 0
Minutes           : 0
Seconds           : 45
Milliseconds      : 725
Ticks             : 457255951
TotalDays         : 0.000529231424768518
TotalHours        : 0.0127015541944444
TotalMinutes      : 0.762093251666667
TotalSeconds      : 45.7255951
TotalMilliseconds : 45725.5951



