

Days              : 0
Hours             : 0
Minutes           : 1
Seconds           : 11
Milliseconds      : 647
Ticks             : 716478131
TotalDays         : 0.000829257096064815
TotalHours        : 0.0199021703055556
TotalMinutes      : 1.19413021833333
TotalSeconds      : 71.6478131
TotalMilliseconds : 71647.8131



