

Days              : 0
Hours             : 0
Minutes           : 0
Seconds           : 0
Milliseconds      : 7
Ticks             : 73096
TotalDays         : 8.46018518518518E-08
TotalHours        : 2.03044444444444E-06
TotalMinutes      : 0.000121826666666667
TotalSeconds      : 0.0073096
TotalMilliseconds : 7.3096



