

Days              : 0
Hours             : 0
Minutes           : 0
Seconds           : 45
Milliseconds      : 947
Ticks             : 459476414
TotalDays         : 0.000531801405092593
TotalHours        : 0.0127632337222222
TotalMinutes      : 0.765794023333333
TotalSeconds      : 45.9476414
TotalMilliseconds : 45947.6414



