

Days              : 0
Hours             : 0
Minutes           : 0
Seconds           : 0
Milliseconds      : 14
Ticks             : 146937
TotalDays         : 1.70065972222222E-07
TotalHours        : 4.08158333333333E-06
TotalMinutes      : 0.000244895
TotalSeconds      : 0.0146937
TotalMilliseconds : 14.6937



