

Days              : 0
Hours             : 0
Minutes           : 0
Seconds           : 45
Milliseconds      : 392
Ticks             : 453927376
TotalDays         : 0.000525378907407407
TotalHours        : 0.0126090937777778
TotalMinutes      : 0.756545626666667
TotalSeconds      : 45.3927376
TotalMilliseconds : 45392.7376



