

Days              : 0
Hours             : 0
Minutes           : 0
Seconds           : 0
Milliseconds      : 9
Ticks             : 97847
TotalDays         : 1.13248842592593E-07
TotalHours        : 2.71797222222222E-06
TotalMinutes      : 0.000163078333333333
TotalSeconds      : 0.0097847
TotalMilliseconds : 9.7847



