

Days              : 0
Hours             : 0
Minutes           : 1
Seconds           : 12
Milliseconds      : 668
Ticks             : 726681888
TotalDays         : 0.000841067
TotalHours        : 0.020185608
TotalMinutes      : 1.21113648
TotalSeconds      : 72.6681888
TotalMilliseconds : 72668.1888



