

Days              : 0
Hours             : 0
Minutes           : 0
Seconds           : 44
Milliseconds      : 878
Ticks             : 448784798
TotalDays         : 0.000519426849537037
TotalHours        : 0.0124662443888889
TotalMinutes      : 0.747974663333333
TotalSeconds      : 44.8784798
TotalMilliseconds : 44878.4798



