

Days              : 0
Hours             : 0
Minutes           : 2
Seconds           : 37
Milliseconds      : 945
Ticks             : 1579457806
TotalDays         : 0.00182807616435185
TotalHours        : 0.0438738279444444
TotalMinutes      : 2.63242967666667
TotalSeconds      : 157.9457806
TotalMilliseconds : 157945.7806



