

Days              : 0
Hours             : 0
Minutes           : 0
Seconds           : 0
Milliseconds      : 7
Ticks             : 73443
TotalDays         : 8.50034722222222E-08
TotalHours        : 2.04008333333333E-06
TotalMinutes      : 0.000122405
TotalSeconds      : 0.0073443
TotalMilliseconds : 7.3443



