

Days              : 0
Hours             : 0
Minutes           : 0
Seconds           : 0
Milliseconds      : 7
Ticks             : 72914
TotalDays         : 8.43912037037037E-08
TotalHours        : 2.02538888888889E-06
TotalMinutes      : 0.000121523333333333
TotalSeconds      : 0.0072914
TotalMilliseconds : 7.2914



