

Days              : 0
Hours             : 0
Minutes           : 0
Seconds           : 0
Milliseconds      : 7
Ticks             : 72691
TotalDays         : 8.41331018518518E-08
TotalHours        : 2.01919444444444E-06
TotalMinutes      : 0.000121151666666667
TotalSeconds      : 0.0072691
TotalMilliseconds : 7.2691



