

Days              : 0
Hours             : 0
Minutes           : 0
Seconds           : 0
Milliseconds      : 7
Ticks             : 76878
TotalDays         : 8.89791666666667E-08
TotalHours        : 2.1355E-06
TotalMinutes      : 0.00012813
TotalSeconds      : 0.0076878
TotalMilliseconds : 7.6878



