

Days              : 0
Hours             : 0
Minutes           : 1
Seconds           : 18
Milliseconds      : 307
Ticks             : 783075105
TotalDays         : 0.000906336927083333
TotalHours        : 0.02175208625
TotalMinutes      : 1.305125175
TotalSeconds      : 78.3075105
TotalMilliseconds : 78307.5105



